,Unnamed: 0,modelID,DIS,Len,FC,FE,FH,A,C,E,D,G,F,I,H,K,M,L,N,Q,P,S,R,T,W,V,Y,Nmodel,class,RMSD,seqlength,proq4,pcons,qmean,dan,Ncont,Neff,contact_L,tmalign,good
Unnamed: 0,1.0,0.1256538812204906,-0.12040201348908708,0.2690148646357624,-0.06419103758093617,0.10568053169629325,-0.02179347245866871,-0.03474046352186003,0.030074838062242454,-0.1345788816732103,0.06524678445554825,0.026685345279616104,0.08211304942991393,0.11202826379280144,-0.0004498264000428231,0.0039968138180071265,-0.018557535749453256,0.03825018310011367,-0.053758822821620755,-0.11031429322173236,-0.03941596199876467,0.07638999315383017,-0.004652058183022467,0.02376470121755786,-0.07350679016316407,0.05533830661468511,-0.015035669754841812,0.00010089242886788251,0.7617469213585278,-0.16348420250216902,0.2690148646357624,0.25183173644965123,0.11586228481236453,-0.01791136390681847,-0.2099612395096699,0.33028506761298687,0.13958903916127607,0.27179551193359097,0.38393331440690265,0.6126915706504378
modelID,0.1256538812204906,1.0,-0.09319132265927757,0.27686715162736014,0.04722191682514972,0.19795227158515105,-0.16128933011708518,-0.13553258900811388,-0.011920154458551161,-0.14763433434864198,0.010653483418180489,-0.002928909409965155,0.09825027903765325,0.03149628413474625,-0.03667032388477341,-0.20536104328957022,-0.05241593700507842,0.06052331211352357,0.040894982718289785,0.017547740322271268,0.14390292333847785,0.1572421675918089,-0.02697399874170979,0.06017321178400043,0.019076717493366282,0.11177862073695309,0.07010494135108415,0.0,-0.08316345981910347,0.19304681125374726,0.27686715162736014,0.010658017356001722,-0.16093571113657046,-0.22888379040608123,-0.32361653684982405,0.19206678815196157,-0.06323730536885874,0.07634715798197485,-0.24091651099718944,-0.13658280112302176
DIS,-0.12040201348908708,-0.09319132265927757,1.0,-0.04211471201157237,0.31862053583254796,-0.3286030508855029,-0.017859951608770762,0.12537397787158544,-0.2872417237318266,0.30928801171533077,0.1399619956821485,-0.12483268584322642,-0.44888457462685066,-0.45627141259445675,0.023851447779063704,0.06218046970417735,0.13432336529734698,-0.3490207049274592,0.030329786825268004,0.28646777813285956,0.2436951977839658,0.21416614714882168,0.13635171296304383,0.14118999781982755,-0.17942535420371306,-0.3209038636136667,-0.32963514894059,3.7923944212237364e-19,-0.23656598960146613,0.18532425760403234,-0.04211471201157237,-0.22902967208839756,-0.2373338079733856,-0.01864412988691266,-0.1705216401169844,-0.23944812944162347,-0.25712296657598177,-0.3299260494877441,-0.30446803332315125,-0.2550205665991125
Len,0.2690148646357624,0.27686715162736014,-0.04211471201157237,1.0,0.12512298592290913,0.11072955659022533,-0.1612303015243687,-0.07338853312215815,0.16459038542919605,-0.08812136566237536,0.007177842068626471,0.03535613299387603,0.088415516373166,0.07301896927243522,-0.002728159309726031,-0.0894816008928823,-0.07567085182893642,-0.01640721413939065,0.09734000996156363,-0.007839146232066222,0.11683582446749094,0.12017657770087002,-0.18069419995213495,0.08372563131708896,-0.029482131167524538,-0.03457846056470743,0.0497074620324965,-1.1704932454572952e-18,0.02901214904281838,0.4123462380278845,1.0,0.23390066179751598,-0.2948882700745189,-0.16743664860604518,-0.46394793548247154,0.6214027220943669,0.07403178284286162,0.21046946064352828,-0.004633723862650524,0.07759392178747844
FC,-0.06419103758093617,0.04722191682514972,0.31862053583254796,0.12512298592290913,1.0,0.07435675474683753,-0.7672082745279916,-0.14265392128252602,0.18443356846542303,-0.03385956253248373,0.11864360426779391,0.2488341959445212,0.0416648817051785,-0.2698634689437066,0.08433964196526998,-0.16965250703514861,-0.1518470472442975,-0.2773623476655472,0.08457244356489925,-0.1921789902393059,0.5415283200040902,0.18204718252196556,-0.1850189620809549,0.23416212474991088,0.07506024323019662,-0.11346253019337098,0.05301395373653073,-1.5840806205468268e-18,-0.3107617146954282,0.2546174364360094,0.12512298592290913,-0.13360199293175035,-0.417823096842351,-0.30632254137778137,-0.45748690959620003,0.05467596588952099,-0.2570860786915149,-0.029234080474406246,-0.24223012251531006,-0.2106999799256327
FE,0.10568053169629325,0.19795227158515105,-0.3286030508855029,0.11072955659022533,0.07435675474683753,1.0,-0.6966695922041448,-0.15823640203276954,0.21605136963496127,-0.21858708940497928,-0.07061676113449646,0.29909656659301037,0.12274424297188297,0.14379741014112413,0.06052019148291275,-0.10521339147534717,-0.15341821466939046,-0.19910048630029992,0.08625583778436771,-0.10857885128909651,-0.0834297046434516,0.05250607543942518,-0.2072779590691159,0.1236372871651781,0.0011441384281983373,0.49355786555173986,0.21972230031396264,2.214706951353125e-19,0.059019325643838036,-0.03938614914922931,0.11072955659022533,0.3161855707516012,0.037279118986543416,-0.12926677804728964,-0.1038752023389361,0.48025421667525553,0.25210588588771315,0.6572325213897057,0.13212451482955417,0.08144179636162757
FH,-0.02179347245866871,-0.16128933011708518,-0.017859951608770762,-0.1612303015243687,-0.7672082745279916,-0.6966695922041448,1.0,0.20439715353445337,-0.2716380944200727,0.16494854395596117,-0.03993107675221685,-0.37137974025984444,-0.10891949843818313,0.1016479433688364,-0.09959784532139108,0.1897162297686248,0.20791158277845995,0.32758708972564876,-0.11631793494906674,0.2080860040428908,-0.3359063970192634,-0.16473254034994234,0.2664163473871818,-0.24797324577995086,-0.054732993592723274,-0.23582275434028757,-0.17945804225746126,-1.4244520321876632e-19,0.18559691727680838,-0.15783528225966903,-0.1612303015243687,-0.10725269754478141,0.27659795507376117,0.30350503419693403,0.39591888504634926,-0.34822220987632563,0.022794408664394673,-0.40168734983424637,0.08927672305424661,0.09919249342757329
A,-0.03474046352186003,-0.13553258900811388,0.12537397787158544,-0.07338853312215815,-0.14265392128252602,-0.15823640203276954,0.20439715353445337,1.0,-0.1616517502707127,-0.16751705366281094,-0.1045374388497766,0.043715052530815056,-0.17625003214171373,-0.22498949286145659,-0.04539442925523141,-0.11424643806866848,-0.09292046798832504,-0.045251366909738654,-0.09357008274997058,0.06886552471758939,-0.11875112983139903,0.020951511914024605,0.10511409584244659,0.0012335388151750058,-0.1665854549498907,-0.0985221592843441,-0.16092450746158699,1.8403758979483927e-18,0.038906379074004155,-0.04773515016587014,-0.07338853312215815,-0.02963830723223075,0.10381139393730694,0.18326423742592649,0.14846983049637008,-0.07241140079636528,-0.031897619433283814,-0.0807222977713395,0.0839817247104003,0.03594054972841468
C,0.030074838062242454,-0.011920154458551161,-0.2872417237318266,0.16459038542919605,0.18443356846542303,0.21605136963496127,-0.2716380944200727,-0.1616517502707127,1.0,-0.07975517975675712,-0.10747696713191177,0.07593547021683088,0.024607755908968687,-0.06621237902680405,0.18687547028456175,-0.0939799838102962,-0.1854923975417389,-0.007981607390099218,0.02016744501186949,-0.011977501975839074,0.07799984089719253,-0.04809528575885767,-0.0415591911866112,0.03508629251640282,0.007407147621806847,-0.04676602561949827,0.07229550610060104,-1.9156113073398112e-18,0.005570337343254424,-0.03592658931315,0.16459038542919605,0.15718022221652717,-0.013679370517768272,-0.049388578038352386,-0.10556036256676082,0.2029629235166301,0.08839184474873135,0.2089395835465469,0.11089361250313576,0.046431447783921796
E,-0.1345788816732103,-0.14763433434864198,0.30928801171533077,-0.08812136566237536,-0.03385956253248373,-0.21858708940497928,0.16494854395596117,-0.16751705366281094,-0.07975517975675712,1.0,0.23339816815053266,-0.18406524565164506,-0.1042964908735536,-0.1547277091953022,-0.051006727913452864,0.02987013388755096,0.03798137495593656,-0.09307918254354547,-0.08150931767783354,-0.12583469938460048,-0.04051520872568062,-0.22832676184455314,-0.08925387981024252,-0.16097415751470012,0.04799120354066202,-0.08521781586162873,-0.11140064253200746,5.69687662082006e-19,-0.10479526810255604,0.035814156732707825,-0.08812136566237536,0.012396986216745624,-0.01850753699941419,0.04105757260408098,0.014601397043953114,-0.110308260593558,-0.016270835936679627,-0.1288161641449123,-0.10887982831593455,-0.15364244274889907
D,0.06524678445554825,0.010653483418180489,0.1399619956821485,0.007177842068626471,0.11864360426779391,-0.07061676113449646,-0.03993107675221685,-0.1045374388497766,-0.10747696713191177,0.23339816815053266,1.0,-0.1508335553315222,0.022811154162602872,-0.039441773716124326,-0.0794669194819769,-0.0794534873661474,0.011350377163078393,-0.07347661308282204,-0.17260551842107238,-0.16741756124702167,-0.0810838730706417,0.03637780107579433,-0.20279032356405008,-0.07424663803182838,0.016506395793092928,-0.15672607432158306,0.08385663356915264,1.1995323067737236e-19,0.01579700882102914,-0.03851608213005536,0.007177842068626471,0.08402099677544535,0.01725080363188735,0.0701077066950353,-0.0531007238874714,0.0700065102613895,0.0454569729957014,0.039098461739589405,-0.030023595755426073,0.009385886340640288
G,0.026685345279616104,-0.002928909409965155,-0.12483268584322642,0.03535613299387603,0.2488341959445212,0.29909656659301037,-0.37137974025984444,0.043715052530815056,0.07593547021683088,-0.18406524565164506,-0.1508335553315222,1.0,0.06016438531980077,0.03316359647382354,0.008083732864183958,-0.2789155934424048,-0.052560154574483896,-0.11992884851884901,-0.11619235530792367,-0.17140424957338024,0.00435247401489626,-0.0575309971350429,-0.14433724656518324,0.037164286894481646,0.1673562858379387,0.28234832408555305,-0.02638462966043997,0.0,0.015397184464367712,0.00012127884242776341,0.03535613299387603,0.06455876293919795,-0.10430819801615476,-0.1437259737260934,-0.07927567778608324,0.14660248872652173,0.05140544570017015,0.18000552247702728,0.012230302302637826,0.06352571914614027
F,0.08211304942991393,0.09825027903765325,-0.44888457462685066,0.088415516373166,0.0416648817051785,0.12274424297188297,-0.10891949843818313,-0.17625003214171373,0.024607755908968687,-0.1042964908735536,0.022811154162602872,0.06016438531980077,1.0,0.21017119331772782,0.052728498381521584,0.027560885901581438,-0.07524501410191325,-0.12829842059376645,0.1283334844484982,-0.35370759698646626,-0.002210488851111726,-0.16119703153380685,-0.21231260342952693,-0.020030760639925514,0.06475966744314492,0.03119709248900474,0.19587953865021204,-1.2192106501457106e-18,0.010374014607807857,0.02852258655790693,0.088415516373166,0.026366385129893498,-0.05570820777221972,-0.1325754607372305,-0.05189057906694244,0.12361424837783998,-0.025506983938358874,0.11199903189650748,0.06398052441635904,0.08194225645385167
I,0.11202826379280144,0.03149628413474625,-0.45627141259445675,0.07301896927243522,-0.2698634689437066,0.14379741014112413,0.1016479433688364,-0.22498949286145659,-0.06621237902680405,-0.1547277091953022,-0.039441773716124326,0.03316359647382354,0.21017119331772782,1.0,-0.06846232357578136,0.0018369960509413464,0.009386455847442842,-0.03725168431747702,0.06065113492502734,-0.19547843175941756,-0.19357286577623184,-0.032449267353469674,-0.08255026717050351,0.019642466036785426,-0.024668025587482895,0.060577332002006136,0.07335177164947679,-6.311929941037877e-19,0.17876400488891758,-0.0652617570004693,0.07301896927243522,0.1826538411907772,0.19075387701792623,0.12004584865301361,0.08962703769727713,0.12888879934448855,0.14041486995563673,0.19100432076961174,0.160981081020076,0.167204049597846
H,-0.0004498264000428231,-0.03667032388477341,0.023851447779063704,-0.002728159309726031,0.08433964196526998,0.06052019148291275,-0.09959784532139108,-0.04539442925523141,0.18687547028456175,-0.051006727913452864,-0.0794669194819769,0.008083732864183958,0.052728498381521584,-0.06846232357578136,1.0,-0.0279725235847766,-0.01718504827894297,-0.07635817074611098,-0.1296095508456856,-0.024145517188662657,0.004371734383212625,-0.07385018343044367,0.03366976469974673,-0.004844129185057189,-0.04766841736883564,-0.05046989499544715,-0.022597645069455833,1.453461776984158e-18,-0.07373319343482097,-0.10680374753739605,-0.002728159309726031,-0.17864466653778877,-0.15206994301009236,-0.18052847006539938,-0.08248460670282215,-0.030072905082776342,-0.03980145985121771,-0.043725324919363054,-0.08261217416647343,-0.09517526064662996
K,0.0039968138180071265,-0.20536104328957022,0.06218046970417735,-0.0894816008928823,-0.16965250703514861,-0.10521339147534717,0.1897162297686248,-0.11424643806866848,-0.0939799838102962,0.02987013388755096,-0.0794534873661474,-0.2789155934424048,0.027560885901581438,0.0018369960509413464,-0.0279725235847766,1.0,0.08076072574204884,-0.1694797133329068,-0.037388754007968525,-0.06849803328684721,-0.274320114588803,-0.21699326885321765,0.005633346967049053,-0.11799280420213228,-0.021710933574728877,-0.08491917439512595,-0.06511008396732933,5.047672434314893e-19,0.09714248010579125,-0.06072224336237059,-0.0894816008928823,0.02337633488057057,0.10362789064285484,0.2014418716760885,0.22370202158594282,-0.10936974456930607,-0.023304858851875172,-0.07129310231833569,0.20127736329628104,0.12724152750145712
M,-0.018557535749453256,-0.05241593700507842,0.13432336529734698,-0.07567085182893642,-0.1518470472442975,-0.15341821466939046,0.20791158277845995,-0.09292046798832504,-0.1854923975417389,0.03798137495593656,0.011350377163078393,-0.052560154574483896,-0.07524501410191325,0.009386455847442842,-0.01718504827894297,0.08076072574204884,1.0,0.0248996892199244,-0.20884687766297552,0.11385402729891952,-0.027242638098973395,-0.12512323701014882,0.10006475613434261,-0.1403074792340355,-0.0013725266219983788,-0.10357851992852489,-0.21367725455663647,0.0,0.022079096945895278,0.019068012739795675,-0.07567085182893642,-0.04797232650755002,-0.06560900415940406,-0.0010776794049827182,0.023241442740057874,-0.11953113982580564,0.02012093266102575,-0.10817468608987334,-0.14552716857016815,-0.04992081540602378
L,0.03825018310011367,0.06052331211352357,-0.3490207049274592,-0.01640721413939065,-0.2773623476655472,-0.19910048630029992,0.32758708972564876,-0.045251366909738654,-0.007981607390099218,-0.09307918254354547,-0.07347661308282204,-0.11992884851884901,-0.12829842059376645,-0.03725168431747702,-0.07635817074611098,-0.1694797133329068,0.0248996892199244,1.0,-0.22960597013792838,0.09077602668920151,0.11473156329787501,-0.04297127056756218,0.00913092171249048,-0.24003539836918503,-0.020036018421819242,-0.08254845648097425,-0.11005169282427425,1.4759755855321613e-18,0.12786841023599457,-0.0962091722716896,-0.01640721413939065,0.019123997575074058,0.14813086429291714,-0.002949567810245169,0.13226830086746472,-0.006070407910579755,0.11432532585808675,-0.02702261629194203,0.12498493245267124,0.10594222026564708
N,-0.053758822821620755,0.040894982718289785,0.030329786825268004,0.09734000996156363,0.08457244356489925,0.08625583778436771,-0.11631793494906674,-0.09357008274997058,0.02016744501186949,-0.08150931767783354,-0.17260551842107238,-0.11619235530792367,0.1283334844484982,0.06065113492502734,-0.1296095508456856,-0.037388754007968525,-0.20884687766297552,-0.22960597013792838,1.0,0.06039862966577389,-0.17410366609433958,0.06889881587209044,-0.13821599691043224,0.21474106665213674,-0.030496567946568805,0.00268154172596344,0.046306030086944686,4.203853601151123e-19,-0.13793312038937108,0.1599750516995705,0.09734000996156363,-0.015046734469191969,-0.10508735391527696,-0.1477902012499113,-0.11703383197768662,0.01243988818835739,0.026211879335051445,-0.027723830602123516,-0.1174793771550416,-0.10891395596873887
Q,-0.11031429322173236,0.017547740322271268,0.28646777813285956,-0.007839146232066222,-0.1921789902393059,-0.10857885128909651,0.2080860040428908,0.06886552471758939,-0.011977501975839074,-0.12583469938460048,-0.16741756124702167,-0.17140424957338024,-0.35370759698646626,-0.19547843175941756,-0.024145517188662657,-0.06849803328684721,0.11385402729891952,0.09077602668920151,0.06039862966577389,1.0,-0.0026610791698206673,0.11057638180151366,-0.02979129591619272,-0.026321896347829946,-0.2245197837969843,-0.05500548953414273,-0.1532031576280116,8.219166213879007e-19,-0.09716579741919765,0.08456946011317149,-0.007839146232066222,-0.0258291727967511,0.035283749249700166,-0.033165115151216985,-0.024224559045090535,-0.08463488286669903,0.024657341714509635,-0.10455520569949402,-0.18227681092317988,-0.13544091273055991
P,-0.03941596199876467,0.14390292333847785,0.2436951977839658,0.11683582446749094,0.5415283200040902,-0.0834297046434516,-0.3359063970192634,-0.11875112983139903,0.07799984089719253,-0.04051520872568062,-0.0810838730706417,0.00435247401489626,-0.002210488851111726,-0.19357286577623184,0.004371734383212625,-0.274320114588803,-0.027242638098973395,0.11473156329787501,-0.17410366609433958,-0.0026610791698206673,1.0,0.06823071680154694,-0.10395194056767594,-0.03014000080826741,0.07696613657206512,-0.12468800269406337,0.01439718739711313,-1.8781209946871033e-18,-0.21063726077415612,0.22437801157930226,0.11683582446749094,-0.1368272166201943,-0.23338771883061976,-0.15979313512274768,-0.3174156466197036,0.03267428581296459,-0.21536358040600076,-0.07167108157670564,-0.14368131747423799,-0.14386038030025303
S,0.07638999315383017,0.1572421675918089,0.21416614714882168,0.12017657770087002,0.18204718252196556,0.05250607543942518,-0.16473254034994234,0.020951511914024605,-0.04809528575885767,-0.22832676184455314,0.03637780107579433,-0.0575309971350429,-0.16119703153380685,-0.032449267353469674,-0.07385018343044367,-0.21699326885321765,-0.12512323701014882,-0.04297127056756218,0.06889881587209044,0.11057638180151366,0.06823071680154694,1.0,-0.16972022063842684,0.08372146378530143,-0.21044821991278784,-0.1302619114793099,-0.037089186042696565,2.282066931985404e-18,-0.09547258499538554,0.057191362669239465,0.12017657770087002,-0.022527792090703214,-0.08986979670875328,-0.1538878025537326,-0.31140189382588007,0.033020813646501494,-0.12158911535901994,0.03021392917632433,-0.21007610902454293,-0.14325993405928536
R,-0.004652058183022467,-0.02697399874170979,0.13635171296304383,-0.18069419995213495,-0.1850189620809549,-0.2072779590691159,0.2664163473871818,0.10511409584244659,-0.0415591911866112,-0.08925387981024252,-0.20279032356405008,-0.14433724656518324,-0.21231260342952693,-0.08255026717050351,0.03366976469974673,0.005633346967049053,0.10006475613434261,0.00913092171249048,-0.13821599691043224,-0.02979129591619272,-0.10395194056767594,-0.16972022063842684,1.0,-0.17936830937648587,-0.04899916016754611,-0.18552342884214346,-0.020122362680894356,-3.8633925581664115e-19,0.1463358577295717,-0.1410969442321259,-0.18069419995213495,-0.17672841123381222,0.05879816597674836,0.24503029194889683,0.32355029891996023,-0.20952148966504486,-0.09837845506332546,-0.21603922125052155,0.10984384156493304,0.11237942566306584
T,0.02376470121755786,0.06017321178400043,0.14118999781982755,0.08372563131708896,0.23416212474991088,0.1236372871651781,-0.24797324577995086,0.0012335388151750058,0.03508629251640282,-0.16097415751470012,-0.07424663803182838,0.037164286894481646,-0.020030760639925514,0.019642466036785426,-0.004844129185057189,-0.11799280420213228,-0.1403074792340355,-0.24003539836918503,0.21474106665213674,-0.026321896347829946,-0.03014000080826741,0.08372146378530143,-0.17936830937648587,1.0,-0.058787730773339965,-0.06066327303221774,-0.04363222022298247,7.027148943695477e-19,-0.06906467610034857,0.07054330616710433,0.08372563131708896,0.08194752450832074,-0.07029302591410477,-0.047998539258636966,-0.1749411960003427,0.05138042954510708,-0.0089057851290041,0.10128742742625607,-0.0691372432413496,-0.04788671305348326
W,-0.07350679016316407,0.019076717493366282,-0.17942535420371306,-0.029482131167524538,0.07506024323019662,0.0011441384281983373,-0.054732993592723274,-0.1665854549498907,0.007407147621806847,0.04799120354066202,0.016506395793092928,0.1673562858379387,0.06475966744314492,-0.024668025587482895,-0.04766841736883564,-0.021710933574728877,-0.0013725266219983788,-0.020036018421819242,-0.030496567946568805,-0.2245197837969843,0.07696613657206512,-0.21044821991278784,-0.04899916016754611,-0.058787730773339965,1.0,0.12609813160517508,-0.05773782722094669,4.359261890960651e-19,-0.014807576214962743,0.0006519369054326758,-0.029482131167524538,-0.07747398838209477,0.022119172963824648,-0.02031544646338803,0.06572197460092469,-0.016459133067942958,-0.018912839656394422,-0.06443007962747019,0.009026865979512846,0.006851452517326367
V,0.05533830661468511,0.11177862073695309,-0.3209038636136667,-0.03457846056470743,-0.11346253019337098,0.49355786555173986,-0.23582275434028757,-0.0985221592843441,-0.04676602561949827,-0.08521781586162873,-0.15672607432158306,0.28234832408555305,0.03119709248900474,0.060577332002006136,-0.05046989499544715,-0.08491917439512595,-0.10357851992852489,-0.08254845648097425,0.00268154172596344,-0.05500548953414273,-0.12468800269406337,-0.1302619114793099,-0.18552342884214346,-0.06066327303221774,0.12609813160517508,1.0,-0.008874902164380308,9.241044633698581e-19,0.0608198938342084,-0.05864400201346185,-0.03457846056470743,0.056117730434606244,0.04290956043867149,-0.11876453747193812,0.009772979793654709,0.14146697706315306,0.15252162485903745,0.23002411499725425,0.05396711954357437,0.05734067437239461
Y,-0.015035669754841812,0.07010494135108415,-0.32963514894059,0.0497074620324965,0.05301395373653073,0.21972230031396264,-0.17945804225746126,-0.16092450746158699,0.07229550610060104,-0.11140064253200746,0.08385663356915264,-0.02638462966043997,0.19587953865021204,0.07335177164947679,-0.022597645069455833,-0.06511008396732933,-0.21367725455663647,-0.11005169282427425,0.046306030086944686,-0.1532031576280116,0.01439718739711313,-0.037089186042696565,-0.020122362680894356,-0.04363222022298247,-0.05773782722094669,-0.008874902164380308,1.0,-1.683728311986593e-18,-0.025796976343126967,0.02871520339362518,0.0497074620324965,0.03332138005942164,-0.011256809740493416,-0.0808348849065198,-0.03717778104275816,0.11482499404689792,0.05283447234004417,0.14833852159587096,0.028111196899692218,-0.0061669704706999616
Nmodel,0.00010089242886788251,0.0,3.7923944212237364e-19,-1.1704932454572952e-18,-1.5840806205468268e-18,2.214706951353125e-19,-1.4244520321876632e-19,1.8403758979483927e-18,-1.9156113073398112e-18,5.69687662082006e-19,1.1995323067737236e-19,0.0,-1.2192106501457106e-18,-6.311929941037877e-19,1.453461776984158e-18,5.047672434314893e-19,0.0,1.4759755855321613e-18,4.203853601151123e-19,8.219166213879007e-19,-1.8781209946871033e-18,2.282066931985404e-18,-3.8633925581664115e-19,7.027148943695477e-19,4.359261890960651e-19,9.241044633698581e-19,-1.683728311986593e-18,1.0,0.015424368388661368,-0.00264712379353254,-1.1704932454572952e-18,0.0009928882789408614,0.0012174727127254386,0.01146608333174272,0.008229039828534948,0.0,8.3006065901529385e-19,4.579311851347396e-19,0.0016003122549584363,0.013448491199562877
class,0.7617469213585278,-0.08316345981910347,-0.23656598960146613,0.02901214904281838,-0.3107617146954282,0.059019325643838036,0.18559691727680838,0.038906379074004155,0.005570337343254424,-0.10479526810255604,0.01579700882102914,0.015397184464367712,0.010374014607807857,0.17876400488891758,-0.07373319343482097,0.09714248010579125,0.022079096945895278,0.12786841023599457,-0.13793312038937108,-0.09716579741919765,-0.21063726077415612,-0.09547258499538554,0.1463358577295717,-0.06906467610034857,-0.014807576214962743,0.0608198938342084,-0.025796976343126967,0.015424368388661368,1.0,-0.46467104916573804,0.02901214904281838,0.37271253818677996,0.4584869846046865,0.3576571691853316,0.3156016227643535,0.3022831722856114,0.31902762468950624,0.3659998826167519,0.6895672694725073,0.8704676907804207
RMSD,-0.16348420250216902,0.19304681125374726,0.18532425760403234,0.4123462380278845,0.2546174364360094,-0.03938614914922931,-0.15783528225966903,-0.04773515016587014,-0.03592658931315,0.035814156732707825,-0.03851608213005536,0.00012127884242776341,0.02852258655790693,-0.0652617570004693,-0.10680374753739605,-0.06072224336237059,0.019068012739795675,-0.0962091722716896,0.1599750516995705,0.08456946011317149,0.22437801157930226,0.057191362669239465,-0.1410969442321259,0.07054330616710433,0.0006519369054326758,-0.05864400201346185,0.02871520339362518,-0.00264712379353254,-0.46467104916573804,1.0,0.4123462380278845,-0.08364334016897167,-0.45518431151339833,-0.3336571030115877,-0.5041833711708966,0.0511901246006229,-0.18765193084710952,-0.1428328734363697,-0.45839900244817255,-0.3745919629186088
seqlength,0.2690148646357624,0.27686715162736014,-0.04211471201157237,1.0,0.12512298592290913,0.11072955659022533,-0.1612303015243687,-0.07338853312215815,0.16459038542919605,-0.08812136566237536,0.007177842068626471,0.03535613299387603,0.088415516373166,0.07301896927243522,-0.002728159309726031,-0.0894816008928823,-0.07567085182893642,-0.01640721413939065,0.09734000996156363,-0.007839146232066222,0.11683582446749094,0.12017657770087002,-0.18069419995213495,0.08372563131708896,-0.029482131167524538,-0.03457846056470743,0.0497074620324965,-1.1704932454572952e-18,0.02901214904281838,0.4123462380278845,1.0,0.23390066179751598,-0.2948882700745189,-0.16743664860604518,-0.46394793548247154,0.6214027220943669,0.07403178284286162,0.21046946064352828,-0.004633723862650524,0.07759392178747844
proq4,0.25183173644965123,0.010658017356001722,-0.22902967208839756,0.23390066179751598,-0.13360199293175035,0.3161855707516012,-0.10725269754478141,-0.02963830723223075,0.15718022221652717,0.012396986216745624,0.08402099677544535,0.06455876293919795,0.026366385129893498,0.1826538411907772,-0.17864466653778877,0.02337633488057057,-0.04797232650755002,0.019123997575074058,-0.015046734469191969,-0.0258291727967511,-0.1368272166201943,-0.022527792090703214,-0.17672841123381222,0.08194752450832074,-0.07747398838209477,0.056117730434606244,0.03332138005942164,0.0009928882789408614,0.37271253818677996,-0.08364334016897167,0.23390066179751598,1.0,0.3987981566842127,0.383937958631038,0.08473349564953565,0.5741087108911167,0.6702753554465262,0.7991471305946088,0.3668549573486427,0.3493568074734577
pcons,0.11586228481236453,-0.16093571113657046,-0.2373338079733856,-0.2948882700745189,-0.417823096842351,0.037279118986543416,0.27659795507376117,0.10381139393730694,-0.013679370517768272,-0.01850753699941419,0.01725080363188735,-0.10430819801615476,-0.05570820777221972,0.19075387701792623,-0.15206994301009236,0.10362789064285484,-0.06560900415940406,0.14813086429291714,-0.10508735391527696,0.035283749249700166,-0.23338771883061976,-0.08986979670875328,0.05879816597674836,-0.07029302591410477,0.022119172963824648,0.04290956043867149,-0.011256809740493416,0.0012174727127254386,0.4584869846046865,-0.45518431151339833,-0.2948882700745189,0.3987981566842127,1.0,0.5416087181699976,0.5112929224259349,0.1101855343917917,0.3876564737225651,0.3585443370593501,0.4791835063939414,0.3753618124118144
qmean,-0.01791136390681847,-0.22888379040608123,-0.01864412988691266,-0.16743664860604518,-0.30632254137778137,-0.12926677804728964,0.30350503419693403,0.18326423742592649,-0.049388578038352386,0.04105757260408098,0.0701077066950353,-0.1437259737260934,-0.1325754607372305,0.12004584865301361,-0.18052847006539938,0.2014418716760885,-0.0010776794049827182,-0.002949567810245169,-0.1477902012499113,-0.033165115151216985,-0.15979313512274768,-0.1538878025537326,0.24503029194889683,-0.047998539258636966,-0.02031544646338803,-0.11876453747193812,-0.0808348849065198,0.01146608333174272,0.3576571691853316,-0.3336571030115877,-0.16743664860604518,0.383937958631038,0.5416087181699976,1.0,0.6023593525236611,0.10212715076174529,0.32313926811402605,0.22641241182472271,0.5434767971096519,0.4160409718729232
dan,-0.2099612395096699,-0.32361653684982405,-0.1705216401169844,-0.46394793548247154,-0.45748690959620003,-0.1038752023389361,0.39591888504634926,0.14846983049637008,-0.10556036256676082,0.014601397043953114,-0.0531007238874714,-0.07927567778608324,-0.05189057906694244,0.08962703769727713,-0.08248460670282215,0.22370202158594282,0.023241442740057874,0.13226830086746472,-0.11703383197768662,-0.024224559045090535,-0.3174156466197036,-0.31140189382588007,0.32355029891996023,-0.1749411960003427,0.06572197460092469,0.009772979793654709,-0.03717778104275816,0.008229039828534948,0.3156016227643535,-0.5041833711708966,-0.46394793548247154,0.08473349564953565,0.5112929224259349,0.6023593525236611,1.0,-0.14762681548453405,0.2181657491200443,0.057529153727717525,0.5348840280177544,0.39759134377043664
Ncont,0.33028506761298687,0.19206678815196157,-0.23944812944162347,0.6214027220943669,0.05467596588952099,0.48025421667525553,-0.34822220987632563,-0.07241140079636528,0.2029629235166301,-0.110308260593558,0.0700065102613895,0.14660248872652173,0.12361424837783998,0.12888879934448855,-0.030072905082776342,-0.10936974456930607,-0.11953113982580564,-0.006070407910579755,0.01243988818835739,-0.08463488286669903,0.03267428581296459,0.033020813646501494,-0.20952148966504486,0.05138042954510708,-0.016459133067942958,0.14146697706315306,0.11482499404689792,0.0,0.3022831722856114,0.0511901246006229,0.6214027220943669,0.5741087108911167,0.1101855343917917,0.10212715076174529,-0.14762681548453405,1.0,0.3977192105754188,0.7451558249058139,0.30694864993065124,0.3372262644388355
Neff,0.13958903916127607,-0.06323730536885874,-0.25712296657598177,0.07403178284286162,-0.2570860786915149,0.25210588588771315,0.022794408664394673,-0.031897619433283814,0.08839184474873135,-0.016270835936679627,0.0454569729957014,0.05140544570017015,-0.025506983938358874,0.14041486995563673,-0.03980145985121771,-0.023304858851875172,0.02012093266102575,0.11432532585808675,0.026211879335051445,0.024657341714509635,-0.21536358040600076,-0.12158911535901994,-0.09837845506332546,-0.0089057851290041,-0.018912839656394422,0.15252162485903745,0.05283447234004417,8.3006065901529385e-19,0.31902762468950624,-0.18765193084710952,0.07403178284286162,0.6702753554465262,0.3876564737225651,0.32313926811402605,0.2181657491200443,0.3977192105754188,1.0,0.587239505902258,0.3027119083041045,0.2750441021019328
contact_L,0.27179551193359097,0.07634715798197485,-0.3299260494877441,0.21046946064352828,-0.029234080474406246,0.6572325213897057,-0.40168734983424637,-0.0807222977713395,0.2089395835465469,-0.1288161641449123,0.039098461739589405,0.18000552247702728,0.11199903189650748,0.19100432076961174,-0.043725324919363054,-0.07129310231833569,-0.10817468608987334,-0.02702261629194203,-0.027723830602123516,-0.10455520569949402,-0.07167108157670564,0.03021392917632433,-0.21603922125052155,0.10128742742625607,-0.06443007962747019,0.23002411499725425,0.14833852159587096,4.579311851347396e-19,0.3659998826167519,-0.1428328734363697,0.21046946064352828,0.7991471305946088,0.3585443370593501,0.22641241182472271,0.057529153727717525,0.7451558249058139,0.587239505902258,1.0,0.392378808551381,0.36608429476645327
tmalign,0.38393331440690265,-0.24091651099718944,-0.30446803332315125,-0.004633723862650524,-0.24223012251531006,0.13212451482955417,0.08927672305424661,0.0839817247104003,0.11089361250313576,-0.10887982831593455,-0.030023595755426073,0.012230302302637826,0.06398052441635904,0.160981081020076,-0.08261217416647343,0.20127736329628104,-0.14552716857016815,0.12498493245267124,-0.1174793771550416,-0.18227681092317988,-0.14368131747423799,-0.21007610902454293,0.10984384156493304,-0.0691372432413496,0.009026865979512846,0.05396711954357437,0.028111196899692218,0.0016003122549584363,0.6895672694725073,-0.45839900244817255,-0.004633723862650524,0.3668549573486427,0.4791835063939414,0.5434767971096519,0.5348840280177544,0.30694864993065124,0.3027119083041045,0.392378808551381,1.0,0.841711962340324
good,0.6126915706504378,-0.13658280112302176,-0.2550205665991125,0.07759392178747844,-0.2106999799256327,0.08144179636162757,0.09919249342757329,0.03594054972841468,0.046431447783921796,-0.15364244274889907,0.009385886340640288,0.06352571914614027,0.08194225645385167,0.167204049597846,-0.09517526064662996,0.12724152750145712,-0.04992081540602378,0.10594222026564708,-0.10891395596873887,-0.13544091273055991,-0.14386038030025303,-0.14325993405928536,0.11237942566306584,-0.04788671305348326,0.006851452517326367,0.05734067437239461,-0.0061669704706999616,0.013448491199562877,0.8704676907804207,-0.3745919629186088,0.07759392178747844,0.3493568074734577,0.3753618124118144,0.4160409718729232,0.39759134377043664,0.3372262644388355,0.2750441021019328,0.36608429476645327,0.841711962340324,1.0
