,DIS,FC,pcons,proq4,dan,seqlength,tmalign
DIS,1.0,0.42129320654801333,-0.3423983141637311,-0.35698452240359324,-0.332020182849474,0.1044267492787986,-0.2711694514621081
FC,0.42129320654801333,1.0,-0.4483217022844623,-0.2858959054137858,-0.49570369697764355,0.07740976249640451,-0.34062138199329617
pcons,-0.3423983141637311,-0.4483217022844623,1.0,0.41794773291717324,0.5788576309216629,-0.31740631814033843,0.6237428339923762
proq4,-0.35698452240359324,-0.2858959054137858,0.41794773291717324,1.0,0.17870995130319803,0.14149380045307222,0.36076145739919413
dan,-0.332020182849474,-0.49570369697764355,0.5788576309216629,0.17870995130319803,1.0,-0.5169070902569742,0.41319304857519973
seqlength,0.1044267492787986,0.07740976249640451,-0.31740631814033843,0.14149380045307222,-0.5169070902569742,1.0,-0.13701426050123525
tmalign,-0.2711694514621081,-0.34062138199329617,0.6237428339923762,0.36076145739919413,0.41319304857519973,-0.13701426050123525,1.0
